month 	personal	attorney	total
Jan. 1755	28545	4160	32705
Feb. 1755	118908	10805	129713
Mar. 1755	40600	2250	42850
Apr. 1755	49179	17307	66486
May 1755	115036	42698	157734
Jun. 1755	25523	4201	29724
Jul. 1755	17389	4850	22239
Aug. 1755	98922	44620	143542
Sep. 1755	13350	4685	18035
Oct. 1755	24919	3567	28486
Nov. 1755	113438	20500	133938
Dec. 1755	40800	22850	63650
Jan. 1756	23950	14300	38250
Feb. 1756	63892	20496	84388
Mar. 1756	32600	7700	40300
Apr. 1756	16740	17700	34440
May 1756	68516	23973	92489
Jun. 1756	21030	4633	25663
Jul. 1756	17950	12450	30400
Aug. 1756	43902	27750	71652
Sep. 1756	22090	6700	28790
Oct. 1756	15950	6864	22814
Nov. 1756	19177	1700	20877
Dec. 1756	32750	13500	46250
Jan. 1757	14805	4880	19685
Feb. 1757	24442	30700	55142
Mar. 1757	46900	2100	49000
Apr. 1757	22880	17084	39964
May 1757	37671	19100	56771
Jun. 1757	100154	18888	119042
Jul. 1757	22196	45620	67816
Aug. 1757	106901	61100	168001
Sep. 1757	48000	8900	56900
Oct. 1757	40409	8000	48409
Nov. 1757	97283	21425	118708
Dec. 1757	32400	3862	36262
Jan. 1758	21550	5000	26550
Feb. 1758	159612	30800	190412
Mar. 1758	17000	5700	22700
Apr. 1758	56413	39301	95714
May 1758	84217	22542	106759
Jun. 1758	55377	12207	67584
Jul. 1758	51548	13588	65136
Aug. 1758	114885	24053	138938
Sep. 1758	43798	7325	51123
Oct. 1758	30850	4640	35490
Nov. 1758	72321	10021	82342
Dec. 1758	29196	5625	34821
Jan. 1759	23450	5014	28464
Feb. 1759	47920	15125	63045
Mar. 1759	17947	5600	23547
Apr. 1759	26150	27650	53800
May 1759	38300	13100	51400
Jun. 1759	23650	1950	25600
Jul. 1759	11550	6350	17900
Aug. 1759	37627	6800	44427
Sep. 1759	18275	2750	21025
Oct. 1759	26462	6683	33145
Nov. 1759	44177	7850	52027
Dec. 1759	28410	11905	40315
Jan. 1760	25330	13700	39030
Feb. 1760	70440	21667	92107
Mar. 1760	8160	8900	17060
Apr. 1760	23191	18800	41991
May 1760	47679	19950	67629
Jun. 1760	17775	1837	19612
Jul. 1760	21175	16997	38172
Aug. 1760	52235	11100	63335
Sep. 1760	18845	1791	20636
Oct. 1760	34050	4900	38950
Nov. 1760	23567	1550	25117
Dec. 1760	48785	16400	65185
Jan. 1761	9058	17510	26568
Feb. 1761	44358	22556	66914
Mar. 1761	70446	24420	94866
Apr. 1761	72350	22923	95273
May 1761	77983	21952	99935
Jun. 1761	32490	13238	45728
Jul. 1761	33600	13733	47333
Aug. 1761	28805	35697	64502
Sep. 1761	13901	16000	29901
Oct. 1761	30276	21040	51316
Nov. 1761	49540	8810	58350
Dec. 1761	12250	47300	59550
Jan. 1762	26083	9500	35583
Feb. 1762	52308	20050	72358
Mar. 1762	14741	7540	22281
Apr. 1762	24471	12583	37054
May 1762	29395	6580	35975
Jun. 1762	8055	4575	12630
Jul. 1762	7500	16368	23868
Aug. 1762	29347	12650	41997
Sep. 1762	19675	9300	28975
Oct. 1762	30405	8940	39345
Nov. 1762	46752	24514	71266
Dec. 1762	28722	11160	39882
Jan. 1763	21000	12040	33040
Feb. 1763	112675	72450	185125
Mar. 1763	407285	103850	511135
Apr. 1763	123017	21825	144842
May 1763	221846	78050	299896
Jun. 1763	78495	12830	91325
Jul. 1763	18900	4417	23317
Aug. 1763	77838	34900	112738
Sep. 1763	38186	22480	60666
Oct. 1763	27233	5200	32433
Nov. 1763	72850	24300	97150
Dec. 1763	21261	24300	45561
Jan. 1764	80699	22100	102799
Feb. 1764	154742	64867	219609
Mar. 1764	198534	101766	300300
Apr. 1764	63595	44500	108095
May 1764	159109	56017	215126
Jun. 1764	157740	7549	165289
Jul. 1764	52011	12790	64801
Aug. 1764	79052	22200	101252
Sep. 1764	19802	6810	26612
Oct. 1764	44745	11745	56490
Nov. 1764	58104	23719	81823
Dec. 1764	43050	2500	45550
Jan. 1765	36650	9650	46300
Feb. 1765	171200	69275	240475
Mar. 1765	160950	57200	218150
Apr. 1765	143609	38892	182501
May 1765	135279	22561	157840
Jun. 1765	79853	9867	89720
Jul. 1765	47093	12800	59893
Aug. 1765	97168	21778	118946
Sep. 1765	65498	36850	102348
Oct. 1765	56673	14950	71623
Nov. 1765	92900	17176	110076
Dec. 1765	20000	4651	24651
Jan. 1766	67067	9750	76817
Feb. 1766	66293	50523	116816
Mar. 1766	65033	10548	75581
Apr. 1766	143579	33450	177029
May 1766	320080	116630	436710
Jun. 1766	102369	28402	130771
Jul. 1766	205310	104122	309432
Aug. 1766	475842	311153	786995
Sep. 1766	616891	167385	784276
Oct. 1766	482413	68152	550565
Nov. 1766	422189	77570	499759
Dec. 1766	116400	36600	153000
Jan. 1767	288100	49733	337833
Feb. 1767	394651	93434	488085
Mar. 1767	303367	18279	321646
Apr. 1767	321683	85039	406722
May 1767	687951	213191	901142
Jun. 1767	314542	39200	353742
Jul. 1767	172374	46102	218476
Aug. 1767	230413	114550	344963
Sep. 1767	87394	77865	165259
Oct. 1767	354605	88972	443577
Nov. 1767	310891	88200	399091
Dec. 1767	79150	3500	82650
Jan. 1768	182310	63075	245385
Feb. 1768	365625	71415	437040
Mar. 1768	81405	22900	104305
Apr. 1768	167908	32550	200458
May 1768	203159	50658	253817
Jun. 1768	69258	15817	85075
Jul. 1768	96533	25300	121833
Aug. 1768	224700	72120	296820
Sep. 1768	111890	38561	150451
Oct. 1768	459908	66400	526308
Nov. 1768	92550	109300	201850
Dec. 1768	23380	0	23380
Jan. 1769	126598	35508	162106
Feb. 1769	158555	44113	202668
Mar. 1769	91944	19450	111394
Apr. 1769	209522	39817	249339
May 1769	326297	68625	394922
Jun. 1769	345657	48435	394092
Jul. 1769	307435	89387	396822
Aug. 1769	265983	107975	373958
Sep. 1769	86525	30600	117125
Oct. 1769	387290	66260	453550
Nov. 1769	102200	84856	187056
Dec. 1769	61950	14900	76850
Jan. 1770	83724	27700	111424
Feb. 1770	80099	23000	103099
Mar. 1770	133851	25150	159001
Apr. 1770	181508	62584	244092
May 1770	188925	78896	267821
Jun. 1770	62430	12000	74430
Jul. 1770	95520	60204	155724
Aug. 1770	199787	29431	229218
Sep. 1770	139599	27324	166923
Oct. 1770	167887	49100	216987
Nov. 1770	196803	111100	307903
Dec. 1770	29200	3000	32200
Jan. 1771	193567	13750	207317
Feb. 1771	291790	78381	370171
Mar. 1771	67150	14500	81650
Apr. 1771	207650	97690	305340
May 1771	231189	96700	327889
Jun. 1771	85350	37550	122900
Jul. 1771	159848	52207	212055
Aug. 1771	138025	105394	243419
Sep. 1771	60884	18500	79384
Oct. 1771	240240	51650	291890
Nov. 1771	217350	34300	251650
Dec. 1771	37659	20000	57659
Jan. 1772	94300	53545	147845
Feb. 1772	149103	71000	220103
Mar. 1772	48580	5000	53580
Apr. 1772	163710	34581	198291
May 1772	196150	88112	284262
Jun. 1772	128223	57050	185273
Jul. 1772	204920	77630	282550
Aug. 1772	200373	24618	224991
Sep. 1772	132574	29100	161674
Oct. 1772	234705	67400	302105
Nov. 1772	188462	46150	234612
Dec. 1772	137277	38120	175397
Jan. 1773	105200	41500	146700
Feb. 1773	157855	64900	222755
Mar. 1773	37404	11600	49004
Apr. 1773	132649	62300	194949
May 1773	126480	72710	199190
Jun. 1773	63175	37550	100725
Jul. 1773	117905	29950	147855
Aug. 1773	121288	120950	242238
Sep. 1773	179200	63650	242850
Oct. 1773	156229	28334	184563
Nov. 1773	87075	65010	152085
Dec. 1773	49910	9649	59559
Jan. 1774	62155	25800	87955
Feb. 1774	72112	31090	103202
Mar. 1774	28915	3500	32415
Apr. 1774	142800	57450	200250
May 1774	75340	34997	110337
Jun. 1774	53836	12235	66071
Jul. 1774	41660	22600	64260
Aug. 1774	41303	17633	58936
Sep. 1774	13200	6000	19200
Oct. 1774	21707	8350	30057
Nov. 1774	27175	18800	45975
Dec. 1774	21170	5700	26870
Jan. 1775	62475	13141	75616
Feb. 1775	63489	18400	81889
Mar. 1775	101558	29380	130938
Apr. 1775	53350	7025	60375
May 1775	74746	39900	114646
Jun. 1775	17550	13350	30900
Jul. 1775	17721	11600	29321
Aug. 1775	47607	34050	81657
Sep. 1775	32008	4800	36808
Oct. 1775	61500	7000	68500
Nov. 1775	70475	10501	80976
Dec. 1775	50345	0	50345
Jan. 1776	59420	14750	74170
Feb. 1776	56162	49550	105712
Mar. 1776	18631	11000	29631
Apr. 1776	48100	22217	70317
May 1776	61844	36936	98780
Jun. 1776	8797	10799	19596
Jul. 1776	44920	11075	55995
Aug. 1776	51350	19186	70536
Sep. 1776	33786	24686	58472
Oct. 1776	76917	15595	92512
Nov. 1776	39018	27267	66285
Dec. 1776	28350	10850	39200
Jan. 1777	32217	11691	43908
Feb. 1777	54425	68165	122590
Mar. 1777	27955	4300	32255
Apr. 1777	68629	7750	76379
May 1777	54132	11466	65598
Jun. 1777	21366	4623	25989
Jul. 1777	48078	32200	80278
Aug. 1777	65436	13950	79386
Sep. 1777	31550	7100	38650
Oct. 1777	42357	5350	47707
Nov. 1777	21417	10750	32167
Dec. 1777	30932	3800	34732
Jan. 1778	39563	22400	61963
Feb. 1778	54025	12700	66725
Mar. 1778	16510	2000	18510
Apr. 1778	56700	30550	87250
May 1778	44357	15700	60057
Jun. 1778	15513	12200	27713
Jul. 1778	33600	4200	37800
Aug. 1778	43350	20060	63410
Sep. 1778	20700	10050	30750
Oct. 1778	27855	10600	38455
Nov. 1778	20825	19900	40725
Dec. 1778	12515	7200	19715
Jan. 1779	20700	21286	41986
Feb. 1779	35159	23100	58259
Mar. 1779	14193	7300	21493
Apr. 1779	51717	27500	79217
May 1779	39730	14475	54205
Jun. 1779	17129	3779	20908
Jul. 1779	47141	13572	60713
Aug. 1779	43985	27954	71939
Sep. 1779	29625	4700	34325
Oct. 1779	47850	6007	53857
Nov. 1779	31700	9475	41175
Dec. 1779	9343	3500	12843
Jan. 1780	25005	1700	26705
Feb. 1780	39521	9065	48586
Mar. 1780	16200	16386	32586
Apr. 1780	47100	38537	85637
May 1780	43262	35500	78762
Jun. 1780	21600	13200	34800
Jul. 1780	24270	8500	32770
Aug. 1780	40638	12194	52832
Sep. 1780	12174	8080	20254
Oct. 1780	39810	5032	44842
Nov. 1780	28055	14700	42755
Dec. 1780	43236	3722	46958
Jan. 1781	21681	21350	43031
Feb. 1781	36329	12500	48829
Mar. 1781	32533	18162	50695
Apr. 1781	65825	24955	90780
May 1781	64081	29500	93581
Jun. 1781	10073	4900	14973
Jul. 1781	69050	26206	95256
Aug. 1781	46377	17100	63477
Sep. 1781	29202	4100	33302
Oct. 1781	23905	23800	47705
Nov. 1781	36630	16228	52858
Dec. 1781	21157	6467	27624
Jan. 1782	42837	15650	58487
Feb. 1782	84713	26886	111599
Mar. 1782	23015	1543	24558
Apr. 1782	59800	23816	83616
May 1782	66707	13963	80670
Jun. 1782	11985	11500	23485
Jul. 1782	49130	13460	62590
Aug. 1782	77009	14634	91643
Sep. 1782	24052	5390	29442
Oct. 1782	34150	19952	54102
Nov. 1782	71100	11300	82400
Dec. 1782	18575	5417	23992
Jan. 1783	65550	12600	78150
Feb. 1783	38983	20900	59883
Mar. 1783	67625	19750	87375
Apr. 1783	58518	16183	74701
May 1783	87672	22350	110022
Jun. 1783	11196	6600	17796
Jul. 1783	29286	14643	43929
Aug. 1783	55501	15933	71434
Sep. 1783	18382	6750	25132
Oct. 1783	33868	12467	46335
Nov. 1783	26640	12450	39090
Dec. 1783	60422	20067	80489
Jan. 1784	29042	10530	39572
Feb. 1784	45237	22700	67937
Mar. 1784	25663	10833	36496
Apr. 1784	24975	20125	45100
May 1784	34925	17767	52692
Jun. 1784	19697	15565	35262
Jul. 1784	44654	13215	57869
Aug. 1784	80075	11440	91515
Sep. 1784	10470	5577	16047
Oct. 1784	12500	12720	25220
Nov. 1784	13838	650	14488
Dec. 1784	23994	12085	36079
Jan. 1785	35852	13377	49229
Feb. 1785	38481	21759	60240
Mar. 1785	56010	14000	70010
Apr. 1785	33852	5904	39756
May 1785	29362	14280	43642
Jun. 1785	8950	1200	10150
Jul. 1785	31360	12587	43947
Aug. 1785	26591	23990	50581
Sep. 1785	44373	6500	50873
Oct. 1785	28037	9426	37463
Nov. 1785	56450	41410	97860
Dec. 1785	17905	3500	21405
Jan. 1786	32650	6600	39250
Feb. 1786	43545	27930	71475
Mar. 1786	36440	10700	47140
Apr. 1786	29432	18450	47882
May 1786	69658	9825	79483
Jun. 1786	15500	5200	20700
Jul. 1786	48782	20450	69232
Aug. 1786	67061	16170	83231
Sep. 1786	27270	9590	36860
Oct. 1786	58156	8979	67135
Nov. 1786	95351	9612	104963
Dec. 1786	23186	3490	26676
Jan. 1787	22363	14200	36563
Feb. 1787	107720	8055	115775
Mar. 1787	77451	3736	81187
Apr. 1787	94574	15849	110423
May 1787	124387	26227	150614
Jun. 1787	36550	8385	44935
Jul. 1787	78090	6400	84490
Aug. 1787	102642	28000	130642
Sep. 1787	53894	6390	60284
Oct. 1787	67615	16583	84198
Nov. 1787	114456	26167	140623
Dec. 1787	47642	24786	72428
Jan. 1788	53055	23910	76965
Feb. 1788	109478	38820	148298
Mar. 1788	68325	32350	100675
Apr. 1788	102064	43300	145364
May 1788	107657	43718	151375
Jun. 1788	20199	9650	29849
Jul. 1788	43528	24761	68289
Aug. 1788	52724	26525	79249
Sep. 1788	10584	13050	23634
Oct. 1788	36620	17336	53956
Nov. 1788	83190	8270	91460
Dec. 1788	50685	8967	59652
Jan. 1789	31992	20261	52253
Feb. 1789	92266	20004	112270
Mar. 1789	60011	1600	61611
Apr. 1789	73770	26875	100645
May 1789	35371	35247	70618
Jun. 1789	18345	2690	21035
Jul. 1789	81561	36851	118412
Aug. 1789	69865	31037	100902
Sep. 1789	36607	28109	64716
Oct. 1789	81691	25218	106909
Nov. 1789	146287	22286	168573
Dec. 1789	59685	3827	63512
Jan. 1790	44826	15280	60106
Feb. 1790	54055	19076	73131
Mar. 1790	129492	4070	133562
Apr. 1790	104365	16650	121015
May 1790	204308	24525	228833
Jun. 1790	79428	10870	90298
Jul. 1790	113372	15152	128524
Aug. 1790	133423	33971	167394
Sep. 1790	52317	25050	77367
Oct. 1790	74609	29885	104494
Nov. 1790	124671	24170	148841
Dec. 1790	73885	19443	93328
Jan. 1791	87366	22915	110281
Feb. 1791	147069	61874	208943
Mar. 1791	47097	10850	57947
Apr. 1791	107869	49537	157406
May 1791	177474	53240	230714
Jun. 1791	56452	6862	63314
Jul. 1791	121691	33375	155066
Aug. 1791	243928	114757	358685
Sep. 1791	220122	93442	313564
Oct. 1791	309961	87828	397789
Nov. 1791	313841	89591	403432
Dec. 1791	88418	11585	100003
Jan. 1792	156169	66443	222612
Feb. 1792	412792	103307	516099
Mar. 1792	141967	48873	190840
Apr. 1792	301293	48329	349622
May 1792	309520	68075	377595
Jun. 1792	99103	14670	113773
Jul. 1792	300939	69901	370840
Aug. 1792	161502	72097	233599
Sep. 1792	169129	33487	202616
Oct. 1792	277820	35541	313361
Nov. 1792	298101	55478	353579
Dec. 1792	111649	10026	121675
Jan. 1793	326074	49062	375136
Feb. 1793	330837	49700	380537
Mar. 1793	109634	4098	113732
Apr. 1793	389127	80265	469392
May 1793	189990	104540	294530
Jun. 1793	53232	18009	71241
Jul. 1793	249075	33051	282126
Aug. 1793	143316	44262	187578
Sep. 1793	65429	20590	86019
Oct. 1793	124151	24605	148756
Nov. 1793	137785	31974	169759
Dec. 1793	48879	12839	61718
Jan. 1794	166796	46208	213004
Feb. 1794	216766	45370	262136
Mar. 1794	44774	8380	53154
Apr. 1794	198788	15390	214178
May 1794	131827	32445	164272
Jun. 1794	44640	2520	47160
Jul. 1794	127382	33048	160430
Aug. 1794	86680	56479	143159
Sep. 1794	44908	8201	53109
Oct. 1794	133539	40850	174389
Nov. 1794	166129	28281	194410
Dec. 1794	31057	12210	43267
Jan. 1795	104425	23047	127472
Feb. 1795	112758	42885	155643
Mar. 1795	23690	1146	24836
Apr. 1795	168764	16865	185629
May 1795	148096	22183	170279
Jun. 1795	25953	2275	28228
Jul. 1795	93348	27378	120726
Aug. 1795	66212	45592	111804
Sep. 1795	30554	4240	34794
Oct. 1795	57087	19348	76435
Nov. 1795	82094	21840	103934
Dec. 1795	41901	8025	49926
Jan. 1796	147162	53536	200698
Feb. 1796	162868	47362	210230
Mar. 1796	38229	1870	40099
Apr. 1796	122234	32498	154732
May 1796	173766	28225	201991
Jun. 1796	23432	8240	31672
Jul. 1796	85972	27445	113417
Aug. 1796	69636	33574	103210
Sep. 1796	62796	19582	82378
Oct. 1796	49540	35468	85008
Nov. 1796	85071	33915	118986
Dec. 1796	12918	10200	23118
Jan. 1797	50374	30720	81094
Feb. 1797	81842	18686	100528
Mar. 1797	10500	14756	25256
Apr. 1797	48047	27639	75686
May 1797	67015	9958	76973
Jun. 1797	6859	6700	13559
Jul. 1797	51701	17711	69412
Aug. 1797	67981	32993	100974
Sep. 1797	26980	6820	33800
Oct. 1797	35062	12262	47324
Nov. 1797	30873	13177	44050
Dec. 1797	8004	3630	11634
Jan. 1798	55680	17316	72996
Feb. 1798	82394	22761	105155
Mar. 1798	12440	11934	24374
Apr. 1798	50999	38028	89027
May 1798	82726	18745	101471
Jun. 1798	9369	1150	10519
Jul. 1798	31277	61172	92449
Aug. 1798	72538	44757	117295
Sep. 1798	40730	12950	53680
Oct. 1798	67984	18287	86271
Nov. 1798	89874	5492	95366
Dec. 1798	13685	3600	17285
Jan. 1799	51127	22705	73832
Feb. 1799	92204	18779	110983
Mar. 1799	28235	13280	41515
Apr. 1799	46925	47371	94296
May 1799	47246	23695	70941
Jun. 1799	15929	500	16429
Jul. 1799	70422	25007	95429
Aug. 1799	88417	29182	117599
Sep. 1799	26209	29074	55283
Oct. 1799	49638	33668	83306
Nov. 1799	39370	21687	61057
Dec. 1799	26592	3367	29959
Jan. 1800	58201	16207	74408
Feb. 1800	129846	32585	162431
Mar. 1800	42456	4897	47353
Apr. 1800	72187	26028	98215
May 1800	75680	19292	94972
Jun. 1800	13675	3831	17506
Jul. 1800	101181	13526	114707
Aug. 1800	89880	32458	122338
Sep. 1800	42640	7045	49685
Oct. 1800	58743	12870	71613
Nov. 1800	43550	7146	50696
Dec. 1800	19800	7375	27175
Jan. 1801	51113	18621	69734
Feb. 1801	62787	24562	87349
Mar. 1801	13160	2800	15960
Apr. 1801	63369	15377	78746
May 1801	79582	18154	97736
Jun. 1801	7500	1463	8963
Jul. 1801	36399	30824	67223
Aug. 1801	24435	15233	39668
Sep. 1801	24464	12350	36814
Oct. 1801	62580	24214	86794
Nov. 1801	55241	23448	78689
Dec. 1801	40885	7021	47906
Jan. 1802	52825	19099	71924
Feb. 1802	56068	19308	75376
Mar. 1802	32784	5343	38127
Apr. 1802	99034	49248	148282
May 1802	100503	45641	146144
Jun. 1802	13775	9950	23725
Jul. 1802	44221	19550	63771
Aug. 1802	75823	27302	103125
Sep. 1802	38545	14096	52641
Oct. 1802	56158	15622	71780
Nov. 1802	61278	39339	100617
Dec. 1802	24225	3204	27429
Jan. 1803	83734	26290	110024
Feb. 1803	69458	33589	103047
Mar. 1803	26406	21436	47842
Apr. 1803	87766	56512	144278
May 1803	69454	38270	107724
Jun. 1803	14599	8378	22977
Jul. 1803	78149	31551	109700
Aug. 1803	48944	24381	73325
Sep. 1803	12192	9650	21842
Oct. 1803	27164	22252	49416
Nov. 1803	53884	21209	75093
Dec. 1803	25092	8743	33835
Jan. 1804	71942	19388	91330
Feb. 1804	66927	13101	80028
Mar. 1804	13400	2225	15625
Apr. 1804	37275	44850	82125
May 1804	60900	38220	99120
Jun. 1804	21125	1700	22825
Jul. 1804	58594	9579	68173
Aug. 1804	33447	38719	72166
Sep. 1804	16734	13350	30084
Oct. 1804	39733	12294	52027
Nov. 1804	55358	11770	67128
Dec. 1804	15900	22834	38734
Jan. 1805	71120	22188	93308
Feb. 1805	67114	15546	82660
Mar. 1805	23641	5550	29191
Apr. 1805	51594	16738	68332
May 1805	64254	14846	79100
Jun. 1805	7101	2000	9101
Jul. 1805	45832	27634	73466
Aug. 1805	46530	20527	67057
Sep. 1805	26848	5442	32290
Oct. 1805	29073	12565	41638
Nov. 1805	59789	20825	80614
Dec. 1805	5900	2851	8751
Jan. 1806	34244	18646	52890
Feb. 1806	70073	20921	90994
Mar. 1806	24657	3200	27857
Apr. 1806	73271	35172	108443
May 1806	96469	20357	116826
Jun. 1806	9570	19442	29012
Jul. 1806	48728	37344	86072
Aug. 1806	60401	24133	84534
Sep. 1806	27445	19872	47317
Oct. 1806	35568	12430	47998
Nov. 1806	52888	6703	59591
Dec. 1806	16350	1500	17850
Jan. 1807	53823	17756	71579
Feb. 1807	50336	8439	58775
Mar. 1807	15225	4249	19474
Apr. 1807	105886	25572	131458
May 1807	66225	14772	80997
Jun. 1807	10300	4735	15035
Jul. 1807	60670	20635	81305
Aug. 1807	52812	18202	71014
Sep. 1807	22879	20922	43801
Oct. 1807	52835	20605	73440
Nov. 1807	60281	5615	65896
Dec. 1807	330	450	780
Jan. 1808	41229	32647	73876
Feb. 1808	89771	27247	117018
Mar. 1808	23660	7180	30840
Apr. 1808	74157	10739	84896
May 1808	154861	38525	193386
Jun. 1808	16060	6420	22480
Jul. 1808	75300	26205	101505
Aug. 1808	36786	24966	61752
Sep. 1808	20022	19834	39856
Oct. 1808	51322	13098	64420
Nov. 1808	60785	7884	68669
Dec. 1808	0	0	0
Jan. 1809	53515	26975	80490
Feb. 1809	67635	18426	86061
Mar. 1809	11568	4183	15751
Apr. 1809	67052	30406	97458
May 1809	73322	20293	93615
Jun. 1809	14710	3841	18551
Jul. 1809	47495	20768	68263
Aug. 1809	59074	19519	78593
Sep. 1809	23630	14786	38416
Oct. 1809	54750	14690	69440
Nov. 1809	79849	69602	149451
Dec. 1809	0	0	0
Jan. 1810	65292	20042	85334
Feb. 1810	58403	26987	85390
Mar. 1810	8540	5760	14300
Apr. 1810	42140	12157	54297
May 1810	57918	14200	72118
Jun. 1810	15483	6355	21838
Jul. 1810	54224	15535	69759
Aug. 1810	73514	14837	88351
Sep. 1810	28247	12268	40515
Oct. 1810	40108	57648	97756
Nov. 1810	47132	11155	58287
Dec. 1810	3000	0	3000
Jan. 1811	55514	36018	91532
Feb. 1811	64999	30262	95261
Mar. 1811	17308	12106	29414
Apr. 1811	63831	22590	86421
May 1811	71061	3982	75043
Jun. 1811	25725	3294	29019
Jul. 1811	61545	15277	76822
Aug. 1811	36322	15602	51924
Sep. 1811	25015	9005	34020
Oct. 1811	44605	8600	53205
Nov. 1811	41486	11500	52986
Dec. 1811	0	0	0
Jan. 1812	30537	16989	47526
Feb. 1812	44409	25038	69447
Mar. 1812	11250	3510	14760
Apr. 1812	44875	15041	59916
May 1812	40851	20611	61462
Jun. 1812	10144	14267	24411
Jul. 1812	17509	11127	28636
Aug. 1812	32160	18760	50920
Sep. 1812	32410	11257	43667
Oct. 1812	37176	14725	51901
Nov. 1812	46690	14424	61114
Dec. 1812	0	0	0
Jan. 1813	44035	15572	59607
Feb. 1813	50362	14975	65337
Mar. 1813	11450	5532	16982
Apr. 1813	37582	24165	61747
May 1813	46264	7350	53614
Jun. 1813	12225	4792	17017
Jul. 1813	25381	11930	37311
Aug. 1813	45368	10908	56276
Sep. 1813	24914	16511	41425
Oct. 1813	24302	12926	37228
Nov. 1813	42091	21287	63378
Dec. 1813	0	0	0
Jan. 1814	51456	23339	74795
Feb. 1814	89531	26292	115823
Mar. 1814	41300	5422	46722
Apr. 1814	51199	26176	77375
May 1814	81536	19146	100682
Jun. 1814	13683	14000	27683
Jul. 1814	29672	9229	38901
Aug. 1814	34212	28178	62390
Sep. 1814	11225	17608	28833
Oct. 1814	18705	57403	76108
Nov. 1814	49873	13993	63866
Dec. 1814	2950	0	2950
Jan. 1815	46137	13802	59939
Feb. 1815	66074	18980	85054
Mar. 1815	10680	1800	12480
Apr. 1815	27495	17644	45139
May 1815	48042	20598	68640
Jun. 1815	6075	240	6315
Jul. 1815	55575	20361	75936
Aug. 1815	57717	21000	78717
Sep. 1815	11500	7533	19033
Oct. 1815	27494	34620	62114
Nov. 1815	32755	22218	54973
Dec. 1815	0	0	0
Jan. 1816	27781	31730	59511
Feb. 1816	48206	21950	70156
Mar. 1816	10382	6300	16682
Apr. 1816	61453	67912	129365
May 1816	62118	4921	67039
Jun. 1816	10350	13124	23474
Jul. 1816	112851	17186	130037
Aug. 1816	48056	33707	81763
Sep. 1816	33333	11931	45264
Oct. 1816	20755	5366	26121
Nov. 1816	53740	24325	78065
Dec. 1816	14775	948	15723
Jan. 1817	67372	30748	98120
Feb. 1817	95215	66077	161292
Mar. 1817	34470	18577	53047
Apr. 1817	111028	60550	171578
May 1817	62800	18058	80858
Jun. 1817	27295	3700	30995
Jul. 1817	59055	42634	101689
Aug. 1817	57738	40236	97974
Sep. 1817	52902	14534	67436
Oct. 1817	70813	23871	94684
Nov. 1817	65726	34155	99881
Dec. 1817	24853	5540	30393
Jan. 1818	41490	20155	61645
Feb. 1818	42419	13281	55700
Mar. 1818	9884	1203	11087
Apr. 1818	38823	31867	70690
May 1818	64873	24353	89226
Jun. 1818	10283	27132	37415
Jul. 1818	41437	18821	60258
Aug. 1818	37651	22073	59724
Sep. 1818	21700	2521	24221
Oct. 1818	22474	9740	32214
Nov. 1818	50096	29718	79814
Dec. 1818	11087	13100	24187
Jan. 1819	54330	15580	69910
Feb. 1819	32369	17634	50003
Mar. 1819	16680	5620	22300
Apr. 1819	34617	18165	52782
May 1819	78889	5823	84712
Jun. 1819	25486	8200	33686
Jul. 1819	68707	29181	97888
Aug. 1819	22371	14760	37131
Sep. 1819	11718	15414	27132
Oct. 1819	30420	9789	40209
Nov. 1819	28283	14425	42708
Dec. 1819	17865	2200	20065
Jan. 1820	32038	14146	46184
Feb. 1820	59065	14783	73848
Mar. 1820	10047	10000	20047
Apr. 1820	42495	23006	65501
May 1820	52199	16580	68779
Jun. 1820	24590	13299	37889
Jul. 1820	68882	14170	83052
Aug. 1820	52649	26918	79567
Sep. 1820	63740	9698	73438
Oct. 1820	35882	25536	61418
Nov. 1820	41844	23146	64990
Dec. 1820	14442	4350	18792
Jan. 1821	49418	22387	71805
Feb. 1821	74962	34549	109511
Mar. 1821	8635	740	9375
Apr. 1821	60065	20503	80568
May 1821	44628	18399	63027
Jun. 1821	32519	2300	34819
Jul. 1821	54146	28908	83054
Aug. 1821	51200	9291	60491
Sep. 1821	13944	14636	28580
Oct. 1821	42409	14593	57002
Nov. 1821	65463	26183	91646
Dec. 1821	14075	1137	15212
Jan. 1822	56576	22598	79174
Feb. 1822	138169	18399	156568
Mar. 1822	14891	5483	20374
Apr. 1822	55204	15235	70439
May 1822	40750	21462	62212
Jun. 1822	8029	3350	11379
Jul. 1822	82467	64602	147069
Aug. 1822	65550	39939	105489
Sep. 1822	27583	20263	47846
Oct. 1822	57290	24188	81478
Nov. 1822	81537	14405	95942
Dec. 1822	1000	647	1647
Jan. 1823	103421	17643	121064
Feb. 1823	78278	15571	93849
Mar. 1823	24316	625	24941
Apr. 1823	86474	25937	112411
May 1823	67470	18209	85679
Jun. 1823	9233	2500	11733
Jul. 1823	86096	33482	119578
Aug. 1823	79632	23011	102643
Sep. 1823	58245	13225	71470
Oct. 1823	53753	25477	79230
Nov. 1823	68250	40921	109171
Dec. 1823	9550	5000	14550
Jan. 1824	72671	32558	105229
Feb. 1824	64700	21820	86520
Mar. 1824	21408	13527	34935
Apr. 1824	99356	41860	141216
May 1824	62584	19363	81947
Jun. 1824	16778	16766	33544
Jul. 1824	80809	24767	105576
Aug. 1824	34727	28485	63212
Sep. 1824	27064	13095	40159
Oct. 1824	43638	7765	51403
Nov. 1824	39515	25307	64822
Dec. 1824	5700	5680	11380
Jan. 1825	102204	25117	127321
Feb. 1825	79571	24912	104483
Mar. 1825	26479	2779	29258
Apr. 1825	110893	21326	132219
May 1825	77106	29046	106152
Jun. 1825	9336	5550	14886
Jul. 1825	73679	41213	114892
Aug. 1825	59124	27544	86668
Sep. 1825	81057	12280	93337
Oct. 1825	67461	6589	74050
Nov. 1825	52203	16439	68642
Dec. 1825	1589	5000	6589
Jan. 1826	85945	41909	127854
Feb. 1826	98886	30200	129086
Mar. 1826	20357	8600	28957
Apr. 1826	79876	37072	116948
May 1826	115727	31967	147694
Jun. 1826	12630	1700	14330
Jul. 1826	86395	20938	107333
Aug. 1826	83875	20408	104283
Sep. 1826	10898	15465	26363
Oct. 1826	56050	27173	83223
Nov. 1826	53720	26375	80095
Dec. 1826	13815	9600	23415
Jan. 1827	70259	13890	84149
Feb. 1827	72865	11422	84287
Mar. 1827	22727	4672	27399
Apr. 1827	65603	17656	83259
May 1827	72132	36429	108561
Jun. 1827	8392	15942	24334
Jul. 1827	53944	38832	92776
Aug. 1827	46549	18096	64645
Sep. 1827	15780	6732	22512
Oct. 1827	43868	31208	75076
Nov. 1827	58258	12734	70992
Dec. 1827	21074	2000	23074
Jan. 1828	58721	11410	70131
Feb. 1828	56482	11823	68305
Mar. 1828	18791	5379	24170
Apr. 1828	48912	11159	60071
May 1828	71697	7848	79545
Jun. 1828	33083	29231	62314
Jul. 1828	95451	26148	121599
Aug. 1828	66469	21344	87813
Sep. 1828	29781	11621	41402
Oct. 1828	70594	18727	89321
Nov. 1828	74898	1847	76745
Dec. 1828	5920	4110	10030
Jan. 1829	50019	6001	56020
Feb. 1829	70901	40570	111471
Mar. 1829	23525	2300	25825
Apr. 1829	70377	41059	111436
May 1829	117501	23516	141017
Jun. 1829	21614	6088	27702
Jul. 1829	97564	18220	115784
Aug. 1829	73356	37162	110518
Sep. 1829	43881	12904	56785
Oct. 1829	65579	16608	82187
Nov. 1829	80935	6283	87218
Dec. 1829	24349	4527	28876
Jan. 1830	68881	19161	88042
Feb. 1830	96840	33392	130232
Mar. 1830	62085	24480	86565
Apr. 1830	110920	42361	153281
May 1830	71458	23305	94763
Jun. 1830	19445	3999	23444
Jul. 1830	70684	16444	87128
Aug. 1830	57403	30906	88309
Sep. 1830	35820	12355	48175
Oct. 1830	46548	10600	57148
Nov. 1830	37166	27366	64532
Dec. 1830	3429	0	3429
Jan. 1831	30265	18671	48936
Feb. 1831	56224	13870	70094
Mar. 1831	10250	7500	17750
Apr. 1831	37530	14538	52068
May 1831	75392	25682	101074
Jun. 1831	9363	3000	12363
Jul. 1831	87003	25968	112971
Aug. 1831	70999	18414	89413
Sep. 1831	39131	19799	58930
Oct. 1831	57834	21710	79544
Nov. 1831	64804	13800	78604
Dec. 1831	5597	16660	22257
Jan. 1832	53941	24202	78143
Feb. 1832	65955	38153	104108
Mar. 1832	5209	10911	16120
Apr. 1832	59437	7987	67424
May 1832	57250	38996	96246
Jun. 1832	12818	12945	25763
Jul. 1832	48611	32954	81565
Aug. 1832	83281	11986	95267
Sep. 1832	43138	6178	49316
Oct. 1832	37346	20710	58056
Nov. 1832	57810	20344	78154
Dec. 1832	17159	1224	18383
Jan. 1833	125769	18015	143784
Feb. 1833	92004	27432	119436
Mar. 1833	30273	8242	38515
Apr. 1833	236213	78901	315114
May 1833	151674	37740	189414
Jun. 1833	36557	24002	60559
Jul. 1833	184399	61182	245581
Aug. 1833	191316	46586	237902
Sep. 1833	57954	29432	87386
Oct. 1833	101973	24237	126210
Nov. 1833	108625	42430	151055
Dec. 1833	27399	6600	33999
Jan. 1834	125808	34287	160095
Feb. 1834	195300	30911	226211
Mar. 1834	39287	16155	55442
Apr. 1834	114831	63211	178042
May 1834	135437	45766	181203
Jun. 1834	29803	4561	34364
Jul. 1834	98467	41158	139625
Aug. 1834	168699	36184	204883
Sep. 1834	120942	35334	156276
Oct. 1834	83567	23934	107501
Nov. 1834	152946	41184	194130
Dec. 1834	30501	0	30501
