year	bengal	madras	bombay	st_helena	benkulen	china	madagascar	mocha	madeira	angola	penang	cape	java	singapore	total
1760	27142	18688	9152	10914	7264	291	0	0	0	0	0	0	0	0	73451
1761	12887	21496	30087	5028	10669	708	1271	49	0	0	0	0	0	0	82195
1762	16388	9210	13607	5596	6522	2262	0	0	74	0	0	0	0	0	53659
1763	15801	11274	23883	10765	12054	1860	0	51	0	0	0	0	0	0	75688
1764	23647	15503	22237	5748	9382	596	0	0	0	0	0	0	0	0	77113
1765	28614	21480	24325	7085	5225	274	0	50	0	3648	0	0	0	0	90701
1766	22709	24369	24112	11866	4839	345	0	0	0	0	0	0	0	0	88240
1767	72022	36668	23900	11829	6282	212	0	74	0	0	0	0	0	0	150987
1768	41883	32890	22686	11972	4527	245	0	0	0	0	0	0	0	0	114203
1769	68541	64097	40216	9787	6476	196	0	50	0	0	0	0	0	0	189363
1770	22973	73569	33646	12239	7273	262	0	0	0	0	0	0	0	0	149962
1771	43974	39749	24285	19897	7145	121	0	93	0	0	0	0	0	0	135264
1772	30624	25381	24987	10464	8603	235	0	0	0	0	0	0	0	0	100294
1773	21637	28315	12066	15033	2789	122	0	0	0	0	0	0	0	0	79962
1774	11852	21720	13433	0	4601	739	0	0	0	0	0	0	0	0	52345
1775	10894	27931	9710	14386	6944	178	0	0	0	0	0	0	0	0	70043
1776	30594	37203	9500	18647	3845	173	0	0	0	0	0	0	0	0	99962
1777	16100	42601	42869	17062	6499	3670	0	0	0	0	0	0	0	0	128801
1778	22908	39247	33039	13664	5270	3852	0	0	0	0	0	0	0	0	117980
1779	27115	26773	35411	18552	6248	643	0	0	0	0	0	0	0	0	114742
1780	78445	52034	24440	15909	4649	162	0	0	0	0	0	0	0	0	175639
1781	54047	37247	21541	19937	3046	283	0	0	0	0	0	0	0	0	136101
1782	28361	36435	34831	12786	0	702	0	0	0	0	0	0	0	0	113115
1783	39378	61662	61738	22184	5584	884	0	0	0	0	0	0	0	0	191430
1784	17127	14965	19079	15368	2481	780	0	0	0	0	0	0	0	0	69800
1785	10552	6913	16464	4749	2533	824	0	0	0	0	0	0	0	0	42035
1786	14169	56226	10314	14872	4922	1278	0	0	0	0	0	0	0	0	101781
1787	15104	47518	9982	10510	2110	545	0	0	0	0	0	0	0	0	85769
1788	51993	41536	58513	15982	10728	1010	0	0	0	0	0	0	0	0	179762
1789	51311	51218	38349	16018	2929	5341	0	0	0	0	0	0	0	0	165166
1790	49749	13760	17868	10062	3169	422	0	0	0	0	0	0	0	0	95030
1791	49302	33370	25542	15848	3067	797	0	0	0	0	0	0	0	0	127926
1792	100168	36253	47087	26287	2588	784	0	0	0	0	0	0	0	0	213167
1793	50353	34307	73831	16139	1395	13397	0	0	0	0	0	0	0	0	189422
1794	39682	47859	20827	27534	2180	2820	0	0	0	0	0	0	0	0	140902
1795	33216	50058	30122	30623	2016	3037	0	0	0	0	0	0	0	0	149072
1796	56651	72488	37556	32224	6150	1150	0	0	0	0	0	0	0	0	206219
1797	67858	31091	43630	38751	4091	1741	0	0	0	0	0	0	0	0	187162
1798	86497	63270	90404	37876	0	1348	0	0	0	0	0	0	0	0	279395
1799	96363	60188	107066	38699	0	1441	0	0	0	0	0	0	0	0	303757
1800	223830	78464	82592	35237	536	8817	0	0	0	0	0	0	0	0	429476
1801	73886	94621	99793	67407	12455	9207	0	0	0	0	4856	0	0	0	362225
1802	184273	86421	113252	45577	3980	14094	0	0	0	0	0	0	0	0	447597
1803	178979	94917	105111	48169	10162	2752	0	0	0	0	0	0	0	0	440090
1804	88145	75876	73390	52852	13436	5592	0	0	0	0	0	0	0	0	309291
1805	108550	58636	52127	77611	18407	1776	0	0	0	0	35186	0	0	0	352293
1806	128938	102701	187882	79273	13923	1171	0	0	0	0	27452	0	0	0	541340
1807	179065	121783	205601	100040	9259	1355	0	0	0	0	12943	0	0	0	630046
1808	126108	146561	75496	69083	669	1454	0	0	0	0	2570	42	0	0	421983
1809	173459	64485	81205	24568	6351	2349	0	0	0	0	39287	0	0	0	391704
1810	162025	86758	95569	40817	548	3092	0	0	0	0	13216	0	0	0	402025
1811	149836	130016	113444	33996	2874	3029	0	0	0	0	6332	0	0	0	439527
1812	132345	60328	117782	54538	8231	2766	0	0	0	0	17754	0	32669	0	426413
1813	88101	119403	108102	29895	6572	3410	0	0	0	0	8871	650	42947	0	407951
1814	42355	80072	33072	32886	0	3606	0	0	0	0	2732	58	51118	0	245899
1815	156577	153379	50101	55859	5086	2243	0	0	0	0	19876	1540	0	0	444661
1816	189826	103094	109242	55388	5700	2720	0	0	0	0	0	0	0	0	465970
1817	364584	62224	106614	78212	3629	2307	0	0	0	0	7314	0	0	0	624884
1818	133015	100060	59983	46498	1345	1706	0	0	0	0	1913	0	0	0	344520
1819	127470	119588	67077	166837	1036	3034	0	0	0	0	824	0	0	0	485866
1820	178803	165814	58509	94949	0	7758	0	0	0	0	1550	1000	0	0	508383
1821	128044	93954	147392	46025	390	126094	0	0	0	0	0	856	0	0	542755
1822	111636	119024	95809	19495	1284	2665	0	0	0	0	6074	0	0	0	355987
1823	169603	131016	76303	45053	0	14252	0	0	0	0	4119	0	0	0	440346
1824	290398	38172	81206	37169	8218	46240	0	0	0	0	0	0	0	0	501403
1825	270653	60469	87241	55900	0	30916	0	0	0	0	3753	0	0	0	508932
1826	518300	107044	114892	53135	0	24313	0	0	0	0	7530	0	0	1798	827012
1827	836535	175244	36154	46834	0	29342	0	0	0	0	9499	0	0	0	1133608
1828	516371	129498	192525	44351	0	19958	0	0	0	0	3063	0	0	0	905766
1829	179470	130966	139162	49985	0	47677	0	0	0	0	3833	0	0	0	551093
1830	103536	103869	86464	41735	0	70206	0	0	0	0	3635	0	0	0	409445
1831	55550	15568	63183	31591	0	81193	0	0	0	0	4221	0	0	0	251306
1832	53173	54444	60166	25456	0	35955	0	0	0	0	0	0	0	0	229194
1833	61088	46206	29788	32812	0	39215	0	0	0	0	0	0	0	0	209109
1834	94834	15010	67212	5405	0	25687	0	0	0	0	0	0	0	0	208148
