month	personal	attorney	total
Jan. 1755	47	7	54
Feb. 1755	119	14	133
Mar. 1755	59	3	62
Apr. 1755	84	12	96
May 1755	104	41	145
Jun. 1755	45	6	51
Jul. 1755	23	11	34
Aug. 1755	86	34	120
Sep. 1755	28	8	36
Oct. 1755	36	10	46
Nov. 1755	130	25	155
Dec. 1755	62	18	80
Jan. 1756	26	11	37
Feb. 1756	62	19	81
Mar. 1756	40	9	49
Apr. 1756	30	15	45
May 1756	72	21	93
Jun. 1756	37	9	46
Jul. 1756	29	13	42
Aug. 1756	48	30	78
Sep. 1756	37	7	44
Oct. 1756	23	9	32
Nov. 1756	27	4	31
Dec. 1756	47	16	63
Jan. 1757	16	10	26
Feb. 1757	36	19	55
Mar. 1757	64	3	67
Apr. 1757	46	19	65
May 1757	50	18	68
Jun. 1757	142	20	162
Jul. 1757	36	37	73
Aug. 1757	119	46	165
Sep. 1757	66	11	77
Oct. 1757	50	10	60
Nov. 1757	98	24	122
Dec. 1757	47	8	55
Jan. 1758	23	9	32
Feb. 1758	147	27	174
Mar. 1758	24	5	29
Apr. 1758	75	46	121
May 1758	77	18	95
Jun. 1758	71	14	85
Jul. 1758	42	21	63
Aug. 1758	144	27	171
Sep. 1758	56	13	69
Oct. 1758	46	10	56
Nov. 1758	87	11	98
Dec. 1758	45	9	54
Jan. 1759	44	10	54
Feb. 1759	63	17	80
Mar. 1759	29	8	37
Apr. 1759	46	23	69
May 1759	53	12	65
Jun. 1759	31	4	35
Jul. 1759	20	5	25
Aug. 1759	55	10	65
Sep. 1759	31	6	37
Oct. 1759	36	13	49
Nov. 1759	48	10	58
Dec. 1759	46	13	59
Jan. 1760	30	12	42
Feb. 1760	59	30	89
Mar. 1760	11	9	20
Apr. 1760	44	11	55
May 1760	48	21	69
Jun. 1760	25	4	29
Jul. 1760	21	20	41
Aug. 1760	49	7	56
Sep. 1760	18	4	22
Oct. 1760	32	11	43
Nov. 1760	19	4	23
Dec. 1760	46	18	64
Jan. 1761	15	17	32
Feb. 1761	60	26	86
Mar. 1761	81	14	95
Apr. 1761	90	28	118
May 1761	84	23	107
Jun. 1761	38	17	55
Jul. 1761	26	14	40
Aug. 1761	34	29	63
Sep. 1761	23	13	36
Oct. 1761	36	17	53
Nov. 1761	54	15	69
Dec. 1761	14	14	28
Jan. 1762	27	11	38
Feb. 1762	52	22	74
Mar. 1762	16	12	28
Apr. 1762	25	22	47
May 1762	44	10	54
Jun. 1762	21	7	28
Jul. 1762	10	21	31
Aug. 1762	50	11	61
Sep. 1762	33	13	46
Oct. 1762	31	12	43
Nov. 1762	60	31	91
Dec. 1762	39	9	48
Jan. 1763	28	20	48
Feb. 1763	145	80	225
Mar. 1763	681	142	823
Apr. 1763	239	37	276
May 1763	266	104	370
Jun. 1763	91	29	120
Jul. 1763	25	7	32
Aug. 1763	83	41	124
Sep. 1763	52	24	76
Oct. 1763	40	11	51
Nov. 1763	78	26	104
Dec. 1763	27	11	38
Jan. 1764	78	17	95
Feb. 1764	193	81	274
Mar. 1764	363	176	539
Apr. 1764	115	49	164
May 1764	292	80	372
Jun. 1764	217	14	231
Jul. 1764	53	19	72
Aug. 1764	82	20	102
Sep. 1764	35	8	43
Oct. 1764	51	16	67
Nov. 1764	72	32	104
Dec. 1764	50	3	53
Jan. 1765	56	10	66
Feb. 1765	274	84	358
Mar. 1765	261	106	367
Apr. 1765	242	43	285
May 1765	193	28	221
Jun. 1765	69	18	87
Jul. 1765	65	16	81
Aug. 1765	108	26	134
Sep. 1765	94	20	114
Oct. 1765	74	21	95
Nov. 1765	99	22	121
Dec. 1765	24	8	32
Jan. 1766	57	16	73
Feb. 1766	64	44	108
Mar. 1766	37	13	50
Apr. 1766	122	27	149
May 1766	277	88	365
Jun. 1766	88	39	127
Jul. 1766	285	123	408
Aug. 1766	523	326	849
Sep. 1766	760	214	974
Oct. 1766	626	79	705
Nov. 1766	397	91	488
Dec. 1766	104	24	128
Jan. 1767	287	64	351
Feb. 1767	407	102	509
Mar. 1767	400	34	434
Apr. 1767	449	97	546
May 1767	755	194	949
Jun. 1767	347	44	391
Jul. 1767	258	59	317
Aug. 1767	249	83	332
Sep. 1767	125	37	162
Oct. 1767	316	92	408
Nov. 1767	240	67	307
Dec. 1767	47	4	51
Jan. 1768	185	58	243
Feb. 1768	264	59	323
Mar. 1768	81	25	106
Apr. 1768	178	46	224
May 1768	182	49	231
Jun. 1768	72	20	92
Jul. 1768	112	32	144
Aug. 1768	199	85	284
Sep. 1768	157	62	219
Oct. 1768	711	95	806
Nov. 1768	88	94	182
Dec. 1768	32	0	32
Jan. 1769	152	31	183
Feb. 1769	156	50	206
Mar. 1769	61	14	75
Apr. 1769	244	73	317
May 1769	351	94	445
Jun. 1769	410	56	466
Jul. 1769	305	94	399
Aug. 1769	252	94	346
Sep. 1769	101	28	129
Oct. 1769	545	102	647
Nov. 1769	109	71	180
Dec. 1769	62	11	73
Jan. 1770	98	26	124
Feb. 1770	98	25	123
Mar. 1770	158	22	180
Apr. 1770	263	71	334
May 1770	226	71	297
Jun. 1770	86	18	104
Jul. 1770	133	42	175
Aug. 1770	164	37	201
Sep. 1770	196	41	237
Oct. 1770	225	51	276
Nov. 1770	231	87	318
Dec. 1770	49	3	52
Jan. 1771	234	19	253
Feb. 1771	259	72	331
Mar. 1771	87	12	99
Apr. 1771	237	98	335
May 1771	251	115	366
Jun. 1771	103	35	138
Jul. 1771	172	51	223
Aug. 1771	166	70	236
Sep. 1771	94	22	116
Oct. 1771	340	77	417
Nov. 1771	215	42	257
Dec. 1771	40	17	57
Jan. 1772	98	37	135
Feb. 1772	135	59	194
Mar. 1772	54	5	59
Apr. 1772	180	49	229
May 1772	200	72	272
Jun. 1772	153	57	210
Jul. 1772	206	63	269
Aug. 1772	217	26	243
Sep. 1772	192	44	236
Oct. 1772	359	98	457
Nov. 1772	245	51	296
Dec. 1772	110	34	144
Jan. 1773	129	48	177
Feb. 1773	171	60	231
Mar. 1773	57	16	73
Apr. 1773	190	64	254
May 1773	186	73	259
Jun. 1773	99	39	138
Jul. 1773	147	36	183
Aug. 1773	157	109	266
Sep. 1773	272	81	353
Oct. 1773	184	42	226
Nov. 1773	101	64	165
Dec. 1773	63	12	75
Jan. 1774	86	25	111
Feb. 1774	124	38	162
Mar. 1774	46	5	51
Apr. 1774	178	56	234
May 1774	105	42	147
Jun. 1774	50	13	63
Jul. 1774	46	29	75
Aug. 1774	51	24	75
Sep. 1774	16	7	23
Oct. 1774	35	10	45
Nov. 1774	41	23	64
Dec. 1774	26	9	35
Jan. 1775	79	17	96
Feb. 1775	79	22	101
Mar. 1775	99	25	124
Apr. 1775	53	11	64
May 1775	75	33	108
Jun. 1775	27	15	42
Jul. 1775	35	13	48
Aug. 1775	57	30	87
Sep. 1775	56	8	64
Oct. 1775	60	9	69
Nov. 1775	92	14	106
Dec. 1775	65	0	65
Jan. 1776	59	15	74
Feb. 1776	57	48	105
Mar. 1776	28	12	40
Apr. 1776	51	32	83
May 1776	73	38	111
Jun. 1776	19	15	34
Jul. 1776	49	15	64
Aug. 1776	53	24	77
Sep. 1776	43	25	68
Oct. 1776	71	23	94
Nov. 1776	58	31	89
Dec. 1776	35	13	48
Jan. 1777	41	12	53
Feb. 1777	68	66	134
Mar. 1777	33	5	38
Apr. 1777	86	11	97
May 1777	96	17	113
Jun. 1777	42	7	49
Jul. 1777	52	35	87
Aug. 1777	66	24	90
Sep. 1777	34	7	41
Oct. 1777	48	5	53
Nov. 1777	26	12	38
Dec. 1777	42	7	49
Jan. 1778	44	19	63
Feb. 1778	72	17	89
Mar. 1778	16	3	19
Apr. 1778	54	34	88
May 1778	51	12	63
Jun. 1778	19	15	34
Jul. 1778	31	6	37
Aug. 1778	47	18	65
Sep. 1778	16	13	29
Oct. 1778	33	12	45
Nov. 1778	26	16	42
Dec. 1778	20	9	29
Jan. 1779	20	14	34
Feb. 1779	38	17	55
Mar. 1779	19	9	28
Apr. 1779	59	30	89
May 1779	48	15	63
Jun. 1779	24	4	28
Jul. 1779	47	13	60
Aug. 1779	38	33	71
Sep. 1779	35	7	42
Oct. 1779	45	10	55
Nov. 1779	34	14	48
Dec. 1779	15	5	20
Jan. 1780	42	5	47
Feb. 1780	55	14	69
Mar. 1780	21	14	35
Apr. 1780	49	31	80
May 1780	45	30	75
Jun. 1780	22	14	36
Jul. 1780	28	8	36
Aug. 1780	40	13	53
Sep. 1780	17	9	26
Oct. 1780	43	11	54
Nov. 1780	32	13	45
Dec. 1780	42	5	47
Jan. 1781	26	24	50
Feb. 1781	47	15	62
Mar. 1781	34	20	54
Apr. 1781	62	32	94
May 1781	76	33	109
Jun. 1781	16	7	23
Jul. 1781	67	18	85
Aug. 1781	50	23	73
Sep. 1781	29	9	38
Oct. 1781	31	30	61
Nov. 1781	45	22	67
Dec. 1781	27	9	36
Jan. 1782	38	14	52
Feb. 1782	66	25	91
Mar. 1782	23	4	27
Apr. 1782	54	24	78
May 1782	61	11	72
Jun. 1782	19	13	32
Jul. 1782	46	10	56
Aug. 1782	68	18	86
Sep. 1782	25	7	32
Oct. 1782	39	19	58
Nov. 1782	63	19	82
Dec. 1782	24	6	30
Jan. 1783	53	9	62
Feb. 1783	58	19	77
Mar. 1783	67	17	84
Apr. 1783	64	17	81
May 1783	81	29	110
Jun. 1783	16	5	21
Jul. 1783	27	18	45
Aug. 1783	44	15	59
Sep. 1783	24	8	32
Oct. 1783	39	18	57
Nov. 1783	37	13	50
Dec. 1783	60	20	80
Jan. 1784	38	13	51
Feb. 1784	39	25	64
Mar. 1784	34	10	44
Apr. 1784	25	19	44
May 1784	39	23	62
Jun. 1784	23	5	28
Jul. 1784	49	20	69
Aug. 1784	66	12	78
Sep. 1784	13	8	21
Oct. 1784	22	13	35
Nov. 1784	15	3	18
Dec. 1784	27	14	41
Jan. 1785	29	18	47
Feb. 1785	42	21	63
Mar. 1785	56	13	69
Apr. 1785	36	10	46
May 1785	33	15	48
Jun. 1785	8	2	10
Jul. 1785	29	25	54
Aug. 1785	29	24	53
Sep. 1785	27	15	42
Oct. 1785	30	13	43
Nov. 1785	56	36	92
Dec. 1785	23	4	27
Jan. 1786	29	10	39
Feb. 1786	46	32	78
Mar. 1786	33	12	45
Apr. 1786	29	18	47
May 1786	56	12	68
Jun. 1786	15	6	21
Jul. 1786	43	17	60
Aug. 1786	66	21	87
Sep. 1786	41	15	56
Oct. 1786	73	21	94
Nov. 1786	73	25	98
Dec. 1786	41	8	49
Jan. 1787	25	16	41
Feb. 1787	93	16	109
Mar. 1787	77	11	88
Apr. 1787	94	20	114
May 1787	122	31	153
Jun. 1787	29	8	37
Jul. 1787	73	12	85
Aug. 1787	89	31	120
Sep. 1787	58	8	66
Oct. 1787	62	16	78
Nov. 1787	101	18	119
Dec. 1787	48	15	63
Jan. 1788	47	24	71
Feb. 1788	112	29	141
Mar. 1788	61	20	81
Apr. 1788	84	43	127
May 1788	87	37	124
Jun. 1788	31	10	41
Jul. 1788	47	27	74
Aug. 1788	49	25	74
Sep. 1788	16	13	29
Oct. 1788	39	17	56
Nov. 1788	59	10	69
Dec. 1788	39	14	53
Jan. 1789	36	26	62
Feb. 1789	74	21	95
Mar. 1789	48	5	53
Apr. 1789	71	36	107
May 1789	35	55	90
Jun. 1789	15	5	20
Jul. 1789	68	33	101
Aug. 1789	59	34	93
Sep. 1789	41	36	77
Oct. 1789	89	27	116
Nov. 1789	110	30	140
Dec. 1789	54	11	65
Jan. 1790	42	22	64
Feb. 1790	64	21	85
Mar. 1790	84	9	93
Apr. 1790	104	28	132
May 1790	171	26	197
Jun. 1790	79	6	85
Jul. 1790	106	17	123
Aug. 1790	110	37	147
Sep. 1790	42	16	58
Oct. 1790	82	25	107
Nov. 1790	113	21	134
Dec. 1790	62	22	84
Jan. 1791	80	28	108
Feb. 1791	131	64	195
Mar. 1791	45	14	59
Apr. 1791	113	48	161
May 1791	137	52	189
Jun. 1791	40	8	48
Jul. 1791	104	32	136
Aug. 1791	253	108	361
Sep. 1791	150	65	215
Oct. 1791	194	87	281
Nov. 1791	238	97	335
Dec. 1791	71	10	81
Jan. 1792	134	53	187
Feb. 1792	354	95	449
Mar. 1792	110	49	159
Apr. 1792	253	66	319
May 1792	251	71	322
Jun. 1792	75	14	89
Jul. 1792	184	55	239
Aug. 1792	136	67	203
Sep. 1792	104	31	135
Oct. 1792	183	34	217
Nov. 1792	202	50	252
Dec. 1792	100	9	109
Jan. 1793	237	37	274
Feb. 1793	284	31	315
Mar. 1793	88	7	95
Apr. 1793	370	61	431
May 1793	186	95	281
Jun. 1793	48	23	71
Jul. 1793	225	42	267
Aug. 1793	165	53	218
Sep. 1793	72	15	87
Oct. 1793	126	31	157
Nov. 1793	143	32	175
Dec. 1793	50	13	63
Jan. 1794	172	33	205
Feb. 1794	209	48	257
Mar. 1794	49	17	66
Apr. 1794	196	31	227
May 1794	143	31	174
Jun. 1794	61	3	64
Jul. 1794	152	33	185
Aug. 1794	91	41	132
Sep. 1794	67	15	82
Oct. 1794	143	45	188
Nov. 1794	165	30	195
Dec. 1794	38	13	51
Jan. 1795	115	22	137
Feb. 1795	135	35	170
Mar. 1795	28	3	31
Apr. 1795	171	21	192
May 1795	132	23	155
Jun. 1795	31	2	33
Jul. 1795	105	24	129
Aug. 1795	88	44	132
Sep. 1795	43	11	54
Oct. 1795	70	22	92
Nov. 1795	99	23	122
Dec. 1795	34	11	45
Jan. 1796	161	62	223
Feb. 1796	155	34	189
Mar. 1796	43	4	47
Apr. 1796	114	33	147
May 1796	154	31	185
Jun. 1796	28	12	40
Jul. 1796	103	28	131
Aug. 1796	77	34	111
Sep. 1796	55	28	83
Oct. 1796	68	32	100
Nov. 1796	84	35	119
Dec. 1796	23	13	36
Jan. 1797	57	15	72
Feb. 1797	102	24	126
Mar. 1797	10	9	19
Apr. 1797	70	17	87
May 1797	77	19	96
Jun. 1797	10	8	18
Jul. 1797	67	27	94
Aug. 1797	71	35	106
Sep. 1797	37	18	55
Oct. 1797	44	23	67
Nov. 1797	39	16	55
Dec. 1797	12	8	20
Jan. 1798	48	31	79
Feb. 1798	78	27	105
Mar. 1798	16	16	32
Apr. 1798	61	26	87
May 1798	71	15	86
Jun. 1798	14	3	17
Jul. 1798	45	38	83
Aug. 1798	58	33	91
Sep. 1798	40	19	59
Oct. 1798	58	20	78
Nov. 1798	90	10	100
Dec. 1798	14	4	18
Jan. 1799	50	25	75
Feb. 1799	83	19	102
Mar. 1799	23	11	34
Apr. 1799	49	33	82
May 1799	64	26	90
Jun. 1799	13	1	14
Jul. 1799	69	28	97
Aug. 1799	105	32	137
Sep. 1799	33	26	59
Oct. 1799	50	29	79
Nov. 1799	44	20	64
Dec. 1799	24	5	29
Jan. 1800	44	17	61
Feb. 1800	118	33	151
Mar. 1800	39	6	45
Apr. 1800	84	49	133
May 1800	67	33	100
Jun. 1800	12	11	23
Jul. 1800	78	23	101
Aug. 1800	76	42	118
Sep. 1800	46	14	60
Oct. 1800	49	19	68
Nov. 1800	46	13	59
Dec. 1800	18	11	29
Jan. 1801	42	30	72
Feb. 1801	63	21	84
Mar. 1801	15	2	17
Apr. 1801	69	12	81
May 1801	69	19	88
Jun. 1801	7	4	11
Jul. 1801	40	31	71
Aug. 1801	31	23	54
Sep. 1801	37	11	48
Oct. 1801	65	22	87
Nov. 1801	59	24	83
Dec. 1801	21	9	30
Jan. 1802	43	18	61
Feb. 1802	59	22	81
Mar. 1802	30	5	35
Apr. 1802	73	58	131
May 1802	84	51	135
Jun. 1802	12	10	22
Jul. 1802	42	27	69
Aug. 1802	64	29	93
Sep. 1802	33	25	58
Oct. 1802	48	13	61
Nov. 1802	60	28	88
Dec. 1802	21	6	27
Jan. 1803	64	29	93
Feb. 1803	61	28	89
Mar. 1803	25	23	48
Apr. 1803	80	43	123
May 1803	64	27	91
Jun. 1803	14	8	22
Jul. 1803	77	32	109
Aug. 1803	44	19	63
Sep. 1803	19	9	28
Oct. 1803	33	14	47
Nov. 1803	57	26	83
Dec. 1803	28	10	38
Jan. 1804	58	19	77
Feb. 1804	61	20	81
Mar. 1804	13	3	16
Apr. 1804	51	35	86
May 1804	68	35	103
Jun. 1804	17	3	20
Jul. 1804	66	23	89
Aug. 1804	32	36	68
Sep. 1804	20	13	33
Oct. 1804	35	16	51
Nov. 1804	65	17	82
Dec. 1804	16	13	29
Jan. 1805	71	24	95
Feb. 1805	64	24	88
Mar. 1805	25	6	31
Apr. 1805	64	16	80
May 1805	59	21	80
Jun. 1805	9	2	11
Jul. 1805	49	33	82
Aug. 1805	44	29	73
Sep. 1805	29	13	42
Oct. 1805	32	29	61
Nov. 1805	50	23	73
Dec. 1805	9	10	19
Jan. 1806	38	25	63
Feb. 1806	73	29	102
Mar. 1806	21	3	24
Apr. 1806	73	43	116
May 1806	90	26	116
Jun. 1806	8	12	20
Jul. 1806	65	40	105
Aug. 1806	68	33	101
Sep. 1806	37	20	57
Oct. 1806	34	14	48
Nov. 1806	60	18	78
Dec. 1806	11	8	19
Jan. 1807	54	18	72
Feb. 1807	53	14	67
Mar. 1807	16	9	25
Apr. 1807	109	29	138
May 1807	63	20	83
Jun. 1807	10	8	18
Jul. 1807	63	32	95
Aug. 1807	43	22	65
Sep. 1807	27	16	43
Oct. 1807	55	24	79
Nov. 1807	63	10	73
Dec. 1807	4	3	7
Jan. 1808	44	30	74
Feb. 1808	110	29	139
Mar. 1808	24	9	33
Apr. 1808	75	18	93
May 1808	140	41	181
Jun. 1808	13	11	24
Jul. 1808	80	28	108
Aug. 1808	40	20	60
Sep. 1808	27	16	43
Oct. 1808	49	17	66
Nov. 1808	77	9	86
Dec. 1808	0	0	0
Jan. 1809	46	28	74
Feb. 1809	48	16	64
Mar. 1809	13	4	17
Apr. 1809	55	29	84
May 1809	79	27	106
Jun. 1809	18	6	24
Jul. 1809	52	17	69
Aug. 1809	85	24	109
Sep. 1809	24	12	36
Oct. 1809	72	17	89
Nov. 1809	85	28	113
Dec. 1809	0	0	0
Jan. 1810	70	38	108
Feb. 1810	73	35	108
Mar. 1810	10	12	22
Apr. 1810	67	27	94
May 1810	65	18	83
Jun. 1810	25	11	36
Jul. 1810	59	18	77
Aug. 1810	85	14	99
Sep. 1810	30	25	55
Oct. 1810	43	20	63
Nov. 1810	57	18	75
Dec. 1810	3	0	3
Jan. 1811	54	30	84
Feb. 1811	53	20	73
Mar. 1811	16	13	29
Apr. 1811	59	23	82
May 1811	72	8	80
Jun. 1811	19	5	24
Jul. 1811	52	13	65
Aug. 1811	44	16	60
Sep. 1811	20	10	30
Oct. 1811	38	15	53
Nov. 1811	47	15	62
Dec. 1811	0	0	0
Jan. 1812	41	22	63
Feb. 1812	53	25	78
Mar. 1812	13	6	19
Apr. 1812	53	20	73
May 1812	34	30	64
Jun. 1812	9	13	22
Jul. 1812	30	13	43
Aug. 1812	42	18	60
Sep. 1812	16	18	34
Oct. 1812	54	19	73
Nov. 1812	41	11	52
Dec. 1812	0	0	0
Jan. 1813	51	20	71
Feb. 1813	44	17	61
Mar. 1813	9	5	14
Apr. 1813	38	23	61
May 1813	43	10	53
Jun. 1813	11	5	16
Jul. 1813	24	21	45
Aug. 1813	45	12	57
Sep. 1813	32	16	48
Oct. 1813	26	22	48
Nov. 1813	40	26	66
Dec. 1813	0	0	0
Jan. 1814	43	27	70
Feb. 1814	76	24	100
Mar. 1814	30	8	38
Apr. 1814	62	37	99
May 1814	62	28	90
Jun. 1814	13	4	17
Jul. 1814	29	24	53
Aug. 1814	41	37	78
Sep. 1814	14	17	31
Oct. 1814	21	36	57
Nov. 1814	41	22	63
Dec. 1814	2	0	2
Jan. 1815	39	39	78
Feb. 1815	53	26	79
Mar. 1815	10	3	13
Apr. 1815	26	23	49
May 1815	54	25	79
Jun. 1815	6	3	9
Jul. 1815	48	23	71
Aug. 1815	45	28	73
Sep. 1815	12	16	28
Oct. 1815	31	25	56
Nov. 1815	29	22	51
Dec. 1815	0	0	0
Jan. 1816	29	25	54
Feb. 1816	50	29	79
Mar. 1816	13	7	20
Apr. 1816	53	42	95
May 1816	63	21	84
Jun. 1816	11	13	24
Jul. 1816	67	26	93
Aug. 1816	56	34	90
Sep. 1816	29	17	46
Oct. 1816	29	11	40
Nov. 1816	46	32	78
Dec. 1816	11	5	16
Jan. 1817	53	29	82
Feb. 1817	81	58	139
Mar. 1817	35	15	50
Apr. 1817	100	86	186
May 1817	56	28	84
Jun. 1817	28	4	32
Jul. 1817	65	46	111
Aug. 1817	41	39	80
Sep. 1817	43	18	61
Oct. 1817	61	28	89
Nov. 1817	76	27	103
Dec. 1817	22	7	29
Jan. 1818	50	30	80
Feb. 1818	47	17	64
Mar. 1818	14	4	18
Apr. 1818	54	40	94
May 1818	64	26	90
Jun. 1818	11	12	23
Jul. 1818	38	18	56
Aug. 1818	40	17	57
Sep. 1818	9	5	14
Oct. 1818	24	15	39
Nov. 1818	50	24	74
Dec. 1818	13	11	24
Jan. 1819	52	21	73
Feb. 1819	43	21	64
Mar. 1819	15	9	24
Apr. 1819	36	18	54
May 1819	74	10	84
Jun. 1819	28	6	34
Jul. 1819	63	20	83
Aug. 1819	28	15	43
Sep. 1819	17	28	45
Oct. 1819	29	23	52
Nov. 1819	34	15	49
Dec. 1819	16	3	19
Jan. 1820	33	26	59
Feb. 1820	57	17	74
Mar. 1820	11	2	13
Apr. 1820	49	22	71
May 1820	48	24	72
Jun. 1820	27	11	38
Jul. 1820	65	17	82
Aug. 1820	40	27	67
Sep. 1820	38	17	55
Oct. 1820	39	23	62
Nov. 1820	48	20	68
Dec. 1820	20	5	25
Jan. 1821	52	24	76
Feb. 1821	55	30	85
Mar. 1821	10	1	11
Apr. 1821	50	22	72
May 1821	45	23	68
Jun. 1821	20	2	22
Jul. 1821	48	33	81
Aug. 1821	47	17	64
Sep. 1821	18	20	38
Oct. 1821	43	12	55
Nov. 1821	51	23	74
Dec. 1821	19	2	21
Jan. 1822	56	22	78
Feb. 1822	88	23	111
Mar. 1822	16	7	23
Apr. 1822	55	24	79
May 1822	35	37	72
Jun. 1822	11	5	16
Jul. 1822	80	42	122
Aug. 1822	74	24	98
Sep. 1822	29	30	59
Oct. 1822	68	28	96
Nov. 1822	70	22	92
Dec. 1822	1	1	2
Jan. 1823	49	23	72
Feb. 1823	84	21	105
Mar. 1823	19	1	20
Apr. 1823	92	34	126
May 1823	69	22	91
Jun. 1823	11	3	14
Jul. 1823	74	31	105
Aug. 1823	65	24	89
Sep. 1823	37	13	50
Oct. 1823	51	15	66
Nov. 1823	58	24	82
Dec. 1823	12	4	16
Jan. 1824	73	30	103
Feb. 1824	65	32	97
Mar. 1824	24	12	36
Apr. 1824	78	33	111
May 1824	59	29	88
Jun. 1824	24	11	35
Jul. 1824	72	33	105
Aug. 1824	35	24	59
Sep. 1824	24	11	35
Oct. 1824	37	14	51
Nov. 1824	47	13	60
Dec. 1824	5	8	13
Jan. 1825	68	19	87
Feb. 1825	62	21	83
Mar. 1825	19	5	24
Apr. 1825	87	25	112
May 1825	70	25	95
Jun. 1825	12	3	15
Jul. 1825	51	29	80
Aug. 1825	46	20	66
Sep. 1825	45	15	60
Oct. 1825	44	11	55
Nov. 1825	47	12	59
Dec. 1825	2	3	5
Jan. 1826	81	25	106
Feb. 1826	67	31	98
Mar. 1826	20	9	29
Apr. 1826	70	34	104
May 1826	104	39	143
Jun. 1826	16	2	18
Jul. 1826	50	32	82
Aug. 1826	52	17	69
Sep. 1826	24	15	39
Oct. 1826	47	16	63
Nov. 1826	38	17	55
Dec. 1826	23	9	32
Jan. 1827	52	25	77
Feb. 1827	78	21	99
Mar. 1827	16	6	22
Apr. 1827	60	20	80
May 1827	78	19	97
Jun. 1827	7	9	16
Jul. 1827	56	40	96
Aug. 1827	54	19	73
Sep. 1827	18	17	35
Oct. 1827	40	23	63
Nov. 1827	54	16	70
Dec. 1827	17	1	18
Jan. 1828	61	18	79
Feb. 1828	55	15	70
Mar. 1828	15	9	24
Apr. 1828	43	17	60
May 1828	60	17	77
Jun. 1828	14	10	24
Jul. 1828	53	29	82
Aug. 1828	60	18	78
Sep. 1828	37	10	47
Oct. 1828	52	14	66
Nov. 1828	62	5	67
Dec. 1828	5	5	10
Jan. 1829	54	13	67
Feb. 1829	84	29	113
Mar. 1829	13	3	16
Apr. 1829	60	34	94
May 1829	99	27	126
Jun. 1829	22	6	28
Jul. 1829	74	27	101
Aug. 1829	67	31	98
Sep. 1829	42	17	59
Oct. 1829	59	18	77
Nov. 1829	68	9	77
Dec. 1829	17	5	22
Jan. 1830	63	24	87
Feb. 1830	90	31	121
Mar. 1830	49	23	72
Apr. 1830	95	36	131
May 1830	66	28	94
Jun. 1830	19	6	25
Jul. 1830	69	20	89
Aug. 1830	47	21	68
Sep. 1830	32	10	42
Oct. 1830	47	10	57
Nov. 1830	52	24	76
Dec. 1830	10	0	10
Jan. 1831	31	15	46
Feb. 1831	46	21	67
Mar. 1831	16	13	29
Apr. 1831	55	25	80
May 1831	77	26	103
Jun. 1831	15	2	17
Jul. 1831	68	23	91
Aug. 1831	73	19	92
Sep. 1831	42	15	57
Oct. 1831	51	23	74
Nov. 1831	64	12	76
Dec. 1831	8	8	16
Jan. 1832	59	19	78
Feb. 1832	73	32	105
Mar. 1832	11	3	14
Apr. 1832	64	12	76
May 1832	85	36	121
Jun. 1832	16	6	22
Jul. 1832	75	31	106
Aug. 1832	81	15	96
Sep. 1832	43	9	52
Oct. 1832	41	18	59
Nov. 1832	50	18	68
Dec. 1832	11	2	13
Jan. 1833	91	25	116
Feb. 1833	85	18	103
Mar. 1833	20	7	27
Apr. 1833	185	62	247
May 1833	144	32	176
Jun. 1833	27	14	41
Jul. 1833	147	53	200
Aug. 1833	119	38	157
Sep. 1833	44	27	71
Oct. 1833	87	19	106
Nov. 1833	80	14	94
Dec. 1833	19	5	24
Jan. 1834	94	27	121
Feb. 1834	124	26	150
Mar. 1834	25	8	33
Apr. 1834	108	46	154
May 1834	98	32	130
Jun. 1834	23	8	31
Jul. 1834	77	35	112
Aug. 1834	102	29	131
Sep. 1834	66	23	89
Oct. 1834	54	18	72
Nov. 1834	96	25	121
Dec. 1834	17	0	17
